Mamedov, A. M., Inzh. Fiz. Zh. 36, 156 (1979).

83 of 83 w data were selected to develop the IAPWS-95 Formulation.
Temperatures were converted to the ITS-90 scale.

 T / K           p / MPa       w / (m/s)      Author                             No.
  273.150000000    5.093000000 1410.000000000 MAMEDOV (1979)                     001
  273.150000000   10.868000000 1419.000000000 MAMEDOV (1979)                     002
  273.150000000   15.766000000 1427.000000000 MAMEDOV (1979)                     003
  273.150000000   25.561000000 1443.000000000 MAMEDOV (1979)                     004
  273.150000000   30.459000000 1451.000000000 MAMEDOV (1979)                     005
  273.150000000   35.357000000 1459.000000000 MAMEDOV (1979)                     006
  273.150000000   40.255000000 1468.000000000 MAMEDOV (1979)                     007
  273.150000000   50.059000000 1485.000000000 MAMEDOV (1979)                     008
  273.150000000   59.862000000 1503.000000000 MAMEDOV (1979)                     009
  273.150000000   70.640000000 1523.000000000 MAMEDOV (1979)                     010
  283.148000000    5.092300000 1455.000000000 MAMEDOV (1979)                     011
  283.148000000   10.867000000 1464.000000000 MAMEDOV (1979)                     012
  283.148000000   15.764000000 1472.000000000 MAMEDOV (1979)                     013
  283.148000000   25.560000000 1489.000000000 MAMEDOV (1979)                     014
  283.148000000   30.458000000 1497.000000000 MAMEDOV (1979)                     015
  283.148000000   35.356000000 1505.000000000 MAMEDOV (1979)                     016
  283.148000000   40.254000000 1513.000000000 MAMEDOV (1979)                     017
  283.148000000   50.038000000 1530.000000000 MAMEDOV (1979)                     018
  283.148000000   59.862000000 1547.000000000 MAMEDOV (1979)                     019
  283.148000000   69.666000000 1564.000000000 MAMEDOV (1979)                     020
  293.145000000    5.095800000 1490.000000000 MAMEDOV (1979)                     021
  293.145000000   10.870000000 1500.000000000 MAMEDOV (1979)                     022
  293.145000000   15.768000000 1508.000000000 MAMEDOV (1979)                     023
  293.145000000   25.565000000 1522.000000000 MAMEDOV (1979)                     024
  293.145000000   30.461000000 1533.000000000 MAMEDOV (1979)                     025
  293.145000000   35.360000000 1541.000000000 MAMEDOV (1979)                     026
  293.145000000   40.258000000 1549.000000000 MAMEDOV (1979)                     027
  293.145000000   50.062000000 1565.000000000 MAMEDOV (1979)                     028
  293.145000000   59.865000000 1582.000000000 MAMEDOV (1979)                     029
  293.145000000   69.669000000 1599.000000000 MAMEDOV (1979)                     030
  303.143000000    5.093100000 1518.000000000 MAMEDOV (1979)                     031
  303.143000000    9.888000000 1526.000000000 MAMEDOV (1979)                     032
  303.143000000   14.787000000 1534.000000000 MAMEDOV (1979)                     033
  303.143000000   24.582000000 1550.000000000 MAMEDOV (1979)                     034
  303.143000000   30.459000000 1560.000000000 MAMEDOV (1979)                     035
  303.143000000   35.357000000 1567.000000000 MAMEDOV (1979)                     036
  303.143000000   40.254000000 1577.000000000 MAMEDOV (1979)                     037
  303.143000000   50.946000000 1593.000000000 MAMEDOV (1979)                     038
  303.143000000   54.946000000 1601.000000000 MAMEDOV (1979)                     039
  303.143000000   59.746000000 1609.000000000 MAMEDOV (1979)                     040
  373.124000000    5.096800000 1554.000000000 MAMEDOV (1979)                     041
  373.124000000   10.872000000 1566.000000000 MAMEDOV (1979)                     042
  373.124000000   15.769000000 1576.000000000 MAMEDOV (1979)                     043
  373.124000000   20.668000000 1586.000000000 MAMEDOV (1979)                     044
  373.124000000   25.566000000 1596.000000000 MAMEDOV (1979)                     045
  373.124000000   30.465000000 1606.000000000 MAMEDOV (1979)                     046
  373.124000000   35.362000000 1615.000000000 MAMEDOV (1979)                     047
  373.124000000   40.260000000 1625.000000000 MAMEDOV (1979)                     048
  373.124000000   50.065000000 1644.000000000 MAMEDOV (1979)                     049
  403.118000000    5.097300000 1516.000000000 MAMEDOV (1979)                     050
  403.118000000   10.872000000 1529.000000000 MAMEDOV (1979)                     051
  403.118000000   15.770000000 1541.000000000 MAMEDOV (1979)                     052
  403.118000000   20.668000000 1552.000000000 MAMEDOV (1979)                     053
  403.118000000   25.566000000 1564.000000000 MAMEDOV (1979)                     054
  403.118000000   30.463000000 1574.000000000 MAMEDOV (1979)                     055
  403.118000000   36.362000000 1585.000000000 MAMEDOV (1979)                     056
  403.118000000   40.259000000 1596.000000000 MAMEDOV (1979)                     057
  403.118000000   50.063000000 1617.000000000 MAMEDOV (1979)                     058
  473.110000000    5.096100000 1343.000000000 MAMEDOV (1979)                     059
  473.110000000   10.870000000 1364.000000000 MAMEDOV (1979)                     060
  473.110000000   15.777000000 1381.000000000 MAMEDOV (1979)                     061
  473.110000000   20.666000000 1397.000000000 MAMEDOV (1979)                     062
  473.110000000   25.563000000 1413.000000000 MAMEDOV (1979)                     063
  473.110000000   30.460000000 1428.000000000 MAMEDOV (1979)                     064
  473.110000000   35.359000000 1443.000000000 MAMEDOV (1979)                     065
  473.110000000   40.255000000 1458.000000000 MAMEDOV (1979)                     066
  473.110000000   50.059000000 1486.000000000 MAMEDOV (1979)                     067
  573.111000000    8.827000000  910.000000000 MAMEDOV (1979)                     068
  573.111000000   10.874000000  930.000000000 MAMEDOV (1979)                     069
  573.111000000   15.771000000  972.000000000 MAMEDOV (1979)                     070
  573.111000000   20.667000000 1009.000000000 MAMEDOV (1979)                     071
  573.111000000   25.566000000 1043.000000000 MAMEDOV (1979)                     072
  573.111000000   30.463000000 1074.000000000 MAMEDOV (1979)                     073
  573.111000000   35.361000000 1103.000000000 MAMEDOV (1979)                     074
  573.111000000   40.258000000 1131.000000000 MAMEDOV (1979)                     075
  573.111000000   50.061000000 1180.000000000 MAMEDOV (1979)                     076
  623.109000000   20.671000000  676.000000000 MAMEDOV (1979)                     077
  623.109000000   25.569000000  754.000000000 MAMEDOV (1979)                     078
  623.109000000   30.466000000  814.000000000 MAMEDOV (1979)                     079
  623.109000000   35.364000000  864.000000000 MAMEDOV (1979)                     080
  623.109000000   40.261000000  908.000000000 MAMEDOV (1979)                     081
  623.109000000   45.163000000  947.000000000 MAMEDOV (1979)                     082
  623.109000000   50.066000000  982.000000000 MAMEDOV (1979)                     083
